Camera Matrix (K):
[[644.94563526   0.         641.4013732 ]
 [  0.         644.91566198 410.25960708]
 [  0.           0.           1.        ]]
Distortion Coefficients:
[[-5.68448677e-02  7.27477142e-02 -8.20514431e-05  4.22394934e-04
  -3.15136588e-02]]

Pose 1:
Rotation Matrix:
[[-0.98408584  0.06100564  0.16689329]
 [ 0.00980239 -0.91915103  0.3937833 ]
 [ 0.17742314  0.38915253  0.90392552]]
Translation Vector:
[[ 8.43773393]
 [ 6.23635821]
 [18.52961948]]

Pose 2:
Rotation Matrix:
[[-0.96762558  0.01671696 -0.2518358 ]
 [-0.08343066 -0.96289751  0.25664705]
 [-0.23820171  0.26934908  0.93311897]]
Translation Vector:
[[ 2.25441535]
 [ 5.53799948]
 [18.10498103]]

Pose 3:
Rotation Matrix:
[[-0.98370544  0.01298327 -0.17931827]
 [-0.04510294 -0.98331506  0.17623058]
 [-0.1740383   0.18144676  0.96787796]]
Translation Vector:
[[ 4.0151203 ]
 [ 2.62442394]
 [19.83236982]]

Pose 4:
Rotation Matrix:
[[-0.79734725  0.15125725  0.58425902]
 [ 0.04557881 -0.95022779  0.30820403]
 [ 0.60179726  0.27237547  0.75076739]]
Translation Vector:
[[11.56063113]
 [ 5.19416554]
 [16.49218424]]

Pose 5:
Rotation Matrix:
[[-0.99395871 -0.00251139 -0.10972589]
 [-0.01694504 -0.98423987  0.17602485]
 [-0.10843867  0.17682074  0.97825124]]
Translation Vector:
[[ 1.93765415]
 [ 0.67972002]
 [20.01625514]]

Pose 6:
Rotation Matrix:
[[-0.91989458 -0.05710256  0.38798617]
 [-0.0176801  -0.98229776 -0.18649002]
 [ 0.391767   -0.17841079  0.9026008 ]]
Translation Vector:
[[13.77739789]
 [ 2.01935107]
 [18.55798093]]

Pose 7:
Rotation Matrix:
[[-0.98279667 -0.018693   -0.18374243]
 [ 0.03443317 -0.99596692 -0.08285072]
 [-0.18145266 -0.08775225  0.97947663]]
Translation Vector:
[[11.99297865]
 [ 2.32252634]
 [22.37051157]]

Pose 8:
Rotation Matrix:
[[-0.92675939  0.00324255 -0.37564148]
 [ 0.04554109 -0.99161755 -0.12091584]
 [-0.37288476 -0.12916702  0.91884321]]
Translation Vector:
[[ 8.48222142]
 [ 3.09624059]
 [30.02792814]]

Pose 9:
Rotation Matrix:
[[-0.99445268  0.04729855 -0.09395064]
 [-0.04334485 -0.9981045  -0.04368783]
 [-0.09583893 -0.0393732   0.99461784]]
Translation Vector:
[[ 3.03474423]
 [ 7.19992403]
 [24.45527894]]

Pose 10:
Rotation Matrix:
[[-0.99959    -0.02554423 -0.01293576]
 [ 0.0248403  -0.99834171  0.05193057]
 [-0.01424084  0.05158795  0.99856691]]
Translation Vector:
[[ 8.80040838]
 [11.85928088]
 [22.58920585]]

Pose 11:
Rotation Matrix:
[[-0.9388862  -0.07726573 -0.33544404]
 [ 0.06813575 -0.99691659  0.03892084]
 [-0.33741698  0.01368651  0.94125579]]
Translation Vector:
[[-0.35901995]
 [ 9.3606976 ]
 [24.56814084]]

Pose 12:
Rotation Matrix:
[[-0.96405883 -0.11251761 -0.24068726]
 [ 0.08492134 -0.98887371  0.12213582]
 [-0.25175173  0.09730663  0.96288758]]
Translation Vector:
[[ 3.78007876]
 [ 2.40456117]
 [21.13781442]]

Pose 13:
Rotation Matrix:
[[-0.93686137 -0.22134115  0.27073762]
 [ 0.16442291 -0.96209193 -0.21758728]
 [ 0.3086355  -0.15933365  0.93774032]]
Translation Vector:
[[11.34682901]
 [ 0.10062395]
 [16.19200416]]

Pose 14:
Rotation Matrix:
[[-0.98533705 -0.11998823  0.12130017]
 [ 0.02410458 -0.80170682 -0.59723123]
 [ 0.16890789 -0.58555017  0.7928437 ]]
Translation Vector:
[[ 6.71329739]
 [-2.73150807]
 [18.46997702]]

Pose 15:
Rotation Matrix:
[[-0.99371109 -0.07717398  0.08113233]
 [ 0.07112414 -0.99464482 -0.07498687]
 [ 0.08648489 -0.06874482  0.99387852]]
Translation Vector:
[[ 8.34788548]
 [ 3.11953855]
 [19.51400211]]

Pose 16:
Rotation Matrix:
[[-0.94655349 -0.09474765  0.30831701]
 [ 0.05791754 -0.99027356 -0.1265063 ]
 [ 0.31730436 -0.10188801  0.94283444]]
Translation Vector:
[[15.06725588]
 [ 3.17663617]
 [28.8013539 ]]

Pose 17:
Rotation Matrix:
[[-0.95569187 -0.05663454 -0.28886948]
 [ 0.07940503 -0.9945397  -0.06771724]
 [-0.28345703 -0.08765451  0.95497057]]
Translation Vector:
[[ 5.51774433]
 [ 3.19345727]
 [34.0220794 ]]

Pose 18:
Rotation Matrix:
[[-0.85054934 -0.05121879 -0.52339513]
 [ 0.08557927 -0.99546013 -0.04165712]
 [-0.51888535 -0.08022321  0.85107122]]
Translation Vector:
[[-3.7127236 ]
 [ 3.26024031]
 [33.31820749]]

Pose 19:
Rotation Matrix:
[[-0.84103305  0.44983734 -0.30051585]
 [-0.40781435 -0.89218048 -0.19416863]
 [-0.35545868 -0.04074756  0.93380339]]
Translation Vector:
[[-0.22771941]
 [-0.98146272]
 [32.56870571]]

Pose 20:
Rotation Matrix:
[[-0.92886605 -0.33435016  0.15942974]
 [ 0.33350188 -0.9421767  -0.03285682]
 [ 0.16119667  0.02265053  0.98666235]]
Translation Vector:
[[17.27809484]
 [-3.72541645]
 [29.44715098]]

Pose 21:
Rotation Matrix:
[[-0.91137738 -0.41046985 -0.03009592]
 [ 0.40430757 -0.90657293  0.12108227]
 [-0.07698477  0.09818363  0.99218613]]
Translation Vector:
[[14.505545  ]
 [ 7.38734006]
 [32.03213163]]

Pose 22:
Rotation Matrix:
[[-0.96867202  0.17416225 -0.17703679]
 [-0.18677734 -0.9807383   0.0571542 ]
 [-0.16367266  0.08843013  0.98254332]]
Translation Vector:
[[ 2.96581997]
 [10.77273514]
 [33.46726416]]

Pose 23:
Rotation Matrix:
[[-0.73870724  0.59292236 -0.32055372]
 [-0.60621748 -0.79233809 -0.06856176]
 [-0.29463873  0.1436782   0.94474578]]
Translation Vector:
[[-4.70563774]
 [ 7.59074972]
 [32.50288059]]

Pose 24:
Rotation Matrix:
[[-0.9856606   0.06821766 -0.1543358 ]
 [-0.07115056 -0.9973735   0.01355366]
 [-0.15300584  0.02434039  0.98792548]]
Translation Vector:
[[ 9.08911604]
 [ 1.03492964]
 [32.52778192]]

Pose 25:
Rotation Matrix:
[[-0.89346899  0.27186958  0.35749139]
 [-0.16331592 -0.93815153  0.30528612]
 [ 0.41837911  0.21437965  0.88260993]]
Translation Vector:
[[13.27407678]
 [-0.18937107]
 [29.63847915]]

Pose 26:
Rotation Matrix:
[[-0.85548579  0.10181054 -0.50771909]
 [-0.17191757 -0.98071006  0.09301682]
 [-0.48845512  0.1668604   0.85648654]]
Translation Vector:
[[ 5.88717877]
 [ 3.38544153]
 [33.03318361]]

Pose 27:
Rotation Matrix:
[[-0.90202848  0.18029177 -0.39222378]
 [-0.24729425 -0.96055654  0.12718764]
 [-0.35382224  0.21172155  0.91103447]]
Translation Vector:
[[ 2.43998614]
 [ 2.95226078]
 [40.55886249]]

Pose 28:
Rotation Matrix:
[[-0.95566093  0.12902457  0.26469765]
 [-0.10443403 -0.98897153  0.10501833]
 [ 0.27532838  0.07271847  0.95859601]]
Translation Vector:
[[ 8.86766513]
 [ 2.62091713]
 [40.44422572]]

Pose 29:
Rotation Matrix:
[[-0.9618028   0.2647533  -0.06957777]
 [-0.25144854 -0.95492757 -0.15775606]
 [-0.10820817 -0.13423499  0.98502384]]
Translation Vector:
[[ 6.02709835]
 [-0.34055267]
 [43.68353414]]

Pose 30:
Rotation Matrix:
[[-0.97303374  0.09368417  0.21078096]
 [-0.09677279 -0.99529694 -0.00436291]
 [ 0.20938091 -0.02464312  0.97752358]]
Translation Vector:
[[13.62191905]
 [ 1.4681589 ]
 [44.17467735]]

Pose 31:
Rotation Matrix:
[[-0.8781359   0.31384807 -0.36107719]
 [-0.32512727 -0.94516749 -0.03083293]
 [-0.35095528  0.09032053  0.93202607]]
Translation Vector:
[[-1.84361549]
 [ 1.92277199]
 [42.43462015]]

Pose 32:
Rotation Matrix:
[[-0.66214047  0.59803987 -0.45157315]
 [-0.60497135 -0.78221041 -0.14885074]
 [-0.44224389  0.17462872  0.87973016]]
Translation Vector:
[[-8.22570979]
 [-5.57313023]
 [41.18617946]]
