Camera Matrix (K):
[[9.51663140e+03 0.00000000e+00 2.81762458e+03]
 [0.00000000e+00 8.86527952e+03 1.14812762e+03]
 [0.00000000e+00 0.00000000e+00 1.00000000e+00]]
Distortion Coefficients:
[[ 0.0454866   0.49368118 -0.016882    0.0214953  -3.19700043]]

Pose 1:
Rotation Matrix:
[[ 0.02180696  0.97209319 -0.23357928]
 [-0.99677466  0.03918838  0.07003248]
 [ 0.07723169  0.23129872  0.96981244]]
Translation Vector:
[[-5.88161649]
 [ 3.88874396]
 [23.02965996]]

Pose 2:
Rotation Matrix:
[[ 0.04528198  0.97916589 -0.19794874]
 [-0.99421721  0.06348739  0.08661111]
 [ 0.0973739   0.19288212  0.97637842]]
Translation Vector:
[[-4.96331433]
 [ 3.98375762]
 [23.09543891]]

Pose 3:
Rotation Matrix:
[[ 0.13024268  0.97776188  0.16437319]
 [-0.98915901  0.13948173 -0.04592721]
 [-0.06783293 -0.15660954  0.98532845]]
Translation Vector:
[[-2.53460412]
 [ 6.15141181]
 [45.10562988]]

Pose 4:
Rotation Matrix:
[[ 0.04740333  0.99881095 -0.01138434]
 [-0.98827317  0.04524094 -0.14584035]
 [-0.1451519   0.01816415  0.98924263]]
Translation Vector:
[[-5.4558715 ]
 [ 2.23930432]
 [46.85185299]]

Pose 5:
Rotation Matrix:
[[-0.06047297 -0.99814536  0.00698988]
 [ 0.99520322 -0.06083126 -0.07661669]
 [ 0.0768998   0.00232311  0.99703612]]
Translation Vector:
[[-5.46880756]
 [-0.10849599]
 [47.52595056]]

Pose 6:
Rotation Matrix:
[[ 0.04117899  0.99903495 -0.01527956]
 [-0.99663836  0.03998658 -0.07150565]
 [-0.07082567  0.01817272  0.99732316]]
Translation Vector:
[[-12.7899582 ]
 [  6.69145072]
 [ 47.7660841 ]]

Pose 7:
Rotation Matrix:
[[ 0.05766754  0.99830947  0.0072564 ]
 [-0.99510138  0.0580638  -0.08001153]
 [-0.0802976  -0.00260678  0.99676753]]
Translation Vector:
[[-12.53259287]
 [  5.76476339]
 [ 47.80159479]]

Pose 8:
Rotation Matrix:
[[-0.04880248 -0.99836515  0.0297549 ]
 [ 0.99644558 -0.05071334 -0.06726344]
 [ 0.06866244  0.02636652  0.99729147]]
Translation Vector:
[[-3.41964188]
 [ 3.06920813]
 [48.22283017]]

Pose 9:
Rotation Matrix:
[[-5.93218892e-02 -9.98235362e-01  2.66001053e-03]
 [ 9.96739353e-01 -5.93785695e-02 -5.46337539e-02]
 [ 5.46952927e-02 -5.89640327e-04  9.98502918e-01]]
Translation Vector:
[[-3.81771754]
 [ 3.68051507]
 [48.6800932 ]]

Pose 10:
Rotation Matrix:
[[ 0.0460777   0.99864113  0.02434643]
 [-0.99595271  0.04780914 -0.07610842]
 [-0.07716898 -0.02074099  0.99680227]]
Translation Vector:
[[-13.31569618]
 [ 10.3895424 ]
 [ 49.67000602]]

Pose 11:
Rotation Matrix:
[[ 0.08313583  0.99650339  0.00833234]
 [-0.99513729  0.08345925 -0.05230985]
 [-0.05282235 -0.003943    0.99859614]]
Translation Vector:
[[-12.73156458]
 [  8.72203826]
 [ 47.8236557 ]]

Pose 12:
Rotation Matrix:
[[ 0.10020524  0.93951604 -0.32751872]
 [-0.99493871  0.0921451  -0.04007794]
 [-0.00747462  0.32987707  0.9439943 ]]
Translation Vector:
[[-13.17410626]
 [  7.29989326]
 [ 44.63658773]]

Pose 13:
Rotation Matrix:
[[ 0.03183347  0.99914969 -0.0262017 ]
 [-0.99908161  0.03105719 -0.02951932]
 [-0.02868047  0.02711734  0.99922074]]
Translation Vector:
[[-8.49363368]
 [ 8.04576312]
 [46.27493435]]

Pose 14:
Rotation Matrix:
[[-0.04197819 -0.99530636 -0.08719562]
 [ 0.99732765 -0.03652004 -0.06327597]
 [ 0.05979459 -0.08961881  0.9941796 ]]
Translation Vector:
[[ 1.17205747]
 [ 3.49059984]
 [47.37859671]]

Pose 15:
Rotation Matrix:
[[-0.02859951  0.90295631  0.42877962]
 [-0.99824402 -0.00353903 -0.05912992]
 [-0.05187427 -0.42971778  0.90147196]]
Translation Vector:
[[-1.93213284]
 [ 6.69399691]
 [46.79925306]]

Pose 16:
Rotation Matrix:
[[ 0.08521962  0.99619366  0.01832493]
 [-0.9950677   0.08603172 -0.04938443]
 [-0.05077298 -0.01402602  0.99861172]]
Translation Vector:
[[-2.69995468]
 [ 6.41365511]
 [45.45923481]]

Pose 17:
Rotation Matrix:
[[ 0.11226839  0.77324291 -0.6240923 ]
 [-0.99268539  0.1153404  -0.03566948]
 [ 0.04440188  0.62353187  0.78053602]]
Translation Vector:
[[-1.65207757]
 [ 6.64313317]
 [40.79298236]]

Pose 18:
Rotation Matrix:
[[ 0.02850844  0.99836995 -0.04944403]
 [-0.99951386  0.0278467  -0.01402124]
 [-0.01262153  0.04981972  0.99867847]]
Translation Vector:
[[-1.18423401]
 [ 8.45421123]
 [45.50850398]]

Pose 19:
Rotation Matrix:
[[ 0.05683502  0.98768832 -0.14574487]
 [-0.99825879  0.05852717  0.00734537]
 [ 0.01578497  0.14507363  0.98929494]]
Translation Vector:
[[-1.78949822]
 [ 9.0071121 ]
 [45.15545624]]

Pose 20:
Rotation Matrix:
[[ 0.07861777  0.84002176 -0.53682649]
 [-0.99639075  0.08350291 -0.01525587]
 [ 0.03201131  0.53608833  0.84355473]]
Translation Vector:
[[-1.77123852]
 [ 8.17990117]
 [41.18552124]]

Pose 21:
Rotation Matrix:
[[ 0.0930397   0.82890322 -0.55160045]
 [-0.99466886  0.10212282 -0.01431064]
 [ 0.04446886  0.54999125  0.8339857 ]]
Translation Vector:
[[-0.87444673]
 [ 6.99754511]
 [40.80973046]]

Pose 22:
Rotation Matrix:
[[-0.013682   -0.65633213  0.75434802]
 [ 0.99928082 -0.03565737 -0.01289977]
 [ 0.03536461  0.75362901  0.65634797]]
Translation Vector:
[[ 3.50528505]
 [-2.9647482 ]
 [39.36067013]]

Pose 23:
Rotation Matrix:
[[-0.03897701 -0.93265671  0.35865339]
 [ 0.99917075 -0.04060631  0.00299158]
 [ 0.01177347  0.35847258  0.93346601]]
Translation Vector:
[[ 4.9819296 ]
 [-2.99791995]
 [41.03624997]]

Pose 24:
Rotation Matrix:
[[ 0.21430069  0.91324631  0.34649154]
 [-0.97558776  0.182691    0.12187093]
 [ 0.04799729 -0.36414993  0.93010273]]
Translation Vector:
[[-6.9272717 ]
 [ 2.6216855 ]
 [32.46883393]]

Pose 25:
Rotation Matrix:
[[ 0.03686577  0.90468168 -0.42449026]
 [-0.98998651  0.0909838   0.1079289 ]
 [ 0.13626304  0.41626075  0.89897685]]
Translation Vector:
[[-5.59196014]
 [ 4.00576454]
 [23.91269906]]

Pose 26:
Rotation Matrix:
[[-0.25408078 -0.68713223  0.68065575]
 [ 0.96668188 -0.15776611  0.2015837 ]
 [-0.03113025  0.70919613  0.70432362]]
Translation Vector:
[[ 2.98993482]
 [-1.43565141]
 [26.10957777]]

Pose 27:
Rotation Matrix:
[[ 0.11390441  0.68346146 -0.72104523]
 [-0.99267483  0.04886943 -0.11049192]
 [-0.0402799   0.72834896  0.68402143]]
Translation Vector:
[[-5.26752223]
 [ 3.34033057]
 [23.75261622]]

Pose 28:
Rotation Matrix:
[[ 0.06223615  0.65508942 -0.75298374]
 [-0.99430227 -0.02472318 -0.10369074]
 [-0.08654285  0.75514675  0.64981822]]
Translation Vector:
[[-4.83275732]
 [ 3.76267771]
 [25.14834982]]
