Camera Matrix (K):
[[9.52974931e+03 0.00000000e+00 2.82223364e+03]
 [0.00000000e+00 8.87456107e+03 1.16715315e+03]
 [0.00000000e+00 0.00000000e+00 1.00000000e+00]]
Distortion Coefficients:
[[ 0.03698051  0.54409743 -0.01589614  0.02138255 -3.25580305]]

Pose 1:
Rotation Matrix:
[[ 0.02169057  0.97184728 -0.23461112]
 [-0.99685946  0.0389006   0.06897792]
 [ 0.07616251  0.23237814  0.96963894]]
Translation Vector:
[[-5.89147274]
 [ 3.83751011]
 [23.05690379]]

Pose 2:
Rotation Matrix:
[[ 0.04515134  0.97900359 -0.19877961]
 [-0.99432375  0.06323199  0.08556862]
 [ 0.09634121  0.19378775  0.97630153]]
Translation Vector:
[[-4.97354927]
 [ 3.93274299]
 [23.12419744]]

Pose 3:
Rotation Matrix:
[[ 0.13003603  0.97758371  0.165592  ]
 [-0.98897742  0.13980984 -0.0487531 ]
 [-0.07081163 -0.15742709  0.98498854]]
Translation Vector:
[[-2.55482292]
 [ 6.05381047]
 [45.16791591]]

Pose 4:
Rotation Matrix:
[[ 0.04740885  0.99882159 -0.01038438]
 [-0.98800157  0.0453604  -0.14763245]
 [-0.14698744  0.01725887  0.98898778]]
Translation Vector:
[[-5.47838253]
 [ 2.13775419]
 [46.91697441]]

Pose 5:
Rotation Matrix:
[[ 0.0608781   0.9981178   0.00739731]
 [-0.99487805  0.0612763  -0.08039205]
 [-0.08069401 -0.0024653   0.99673587]]
Translation Vector:
[[-13.8373948 ]
 [  5.26786927]
 [ 48.06224244]]

Pose 6:
Rotation Matrix:
[[ 0.04144608  0.99902684 -0.01508626]
 [-0.99641731  0.04021431 -0.07439996]
 [-0.07372087  0.01811579  0.99711436]]
Translation Vector:
[[-12.81162029]
 [  6.58506079]
 [ 47.82831535]]

Pose 7:
Rotation Matrix:
[[ 0.05793429  0.99829321  0.007368  ]
 [-0.99484042  0.05834647 -0.08299533]
 [-0.08328357 -0.00252171  0.9965227 ]]
Translation Vector:
[[-12.55427488]
 [  5.65843923]
 [ 47.86245497]]

Pose 8:
Rotation Matrix:
[[ 0.04898066  0.9983502   0.02996287]
 [-0.99626638  0.0509697  -0.06968064]
 [-0.07109288 -0.02643799  0.99711927]]
Translation Vector:
[[-11.72148743]
 [  8.534037  ]
 [ 48.91245354]]

Pose 9:
Rotation Matrix:
[[ 5.95004664e-02  9.98223827e-01  2.98095268e-03]
 [-9.96590582e-01  5.95735722e-02 -5.70806512e-02]
 [-5.71568521e-02  4.25536005e-04  9.98365120e-01]]
Translation Vector:
[[-12.18167413]
 [  9.07720287]
 [ 49.07126463]]

Pose 10:
Rotation Matrix:
[[-0.0462646  -0.99861912  0.02488852]
 [ 0.99573419 -0.04809345 -0.07874283]
 [ 0.07983107  0.02113934  0.99658423]]
Translation Vector:
[[-5.07096128]
 [ 4.68863065]
 [49.09104088]]

Pose 11:
Rotation Matrix:
[[ 0.08334305  0.99648306  0.00868625]
 [-0.99497601  0.08369586 -0.05493398]
 [-0.05546778 -0.00406425  0.99845221]]
Translation Vector:
[[-12.75296363]
 [  8.61542185]
 [ 47.8887045 ]]

Pose 12:
Rotation Matrix:
[[ 0.10280591  0.94213465 -0.31908187]
 [-0.99456454  0.09203787 -0.04868673]
 [-0.01650184  0.3223528   0.94647576]]
Translation Vector:
[[-13.2137767 ]
 [  7.20128425]
 [ 44.75550625]]

Pose 13:
Rotation Matrix:
[[ 0.03340159  0.99905763 -0.02771625]
 [-0.9985129   0.03216221 -0.04401805]
 [-0.04308515  0.02914531  0.99864619]]
Translation Vector:
[[-8.50897913]
 [ 7.93269393]
 [46.29736351]]

Pose 14:
Rotation Matrix:
[[-0.04195013 -0.9953254  -0.08699162]
 [ 0.99726539 -0.03641106 -0.0643115 ]
 [ 0.06084341 -0.08945161  0.99413102]]
Translation Vector:
[[ 1.14969479]
 [ 3.3888675 ]
 [47.44490567]]

Pose 15:
Rotation Matrix:
[[ 0.02872793 -0.9029422   0.42880077]
 [ 0.99809959  0.00251627 -0.06157007]
 [ 0.05451524  0.42975465  0.90129852]]
Translation Vector:
[[ 5.09796653]
 [ 0.5837398 ]
 [43.09455619]]

Pose 16:
Rotation Matrix:
[[ 0.08512828  0.99617533  0.01969461]
 [-0.994999    0.08603111 -0.0507508 ]
 [-0.05225105 -0.01527579  0.99851714]]
Translation Vector:
[[-2.72127847]
 [ 6.31637255]
 [45.5311979 ]]

Pose 17:
Rotation Matrix:
[[ 0.11195631  0.7731081  -0.62431535]
 [-0.99280195  0.11392063 -0.03696446]
 [ 0.04254488  0.6239599   0.78029737]]
Translation Vector:
[[-1.67089515]
 [ 6.55626872]
 [40.86173537]]

Pose 18:
Rotation Matrix:
[[ 0.02837955  0.99842817 -0.04833011]
 [-0.99950998  0.02770513 -0.0145678 ]
 [-0.01320591  0.04871985  0.99872518]]
Translation Vector:
[[-1.20547552]
 [ 8.35708314]
 [45.58099748]]

Pose 19:
Rotation Matrix:
[[ 0.05672219  0.98780936 -0.14496643]
 [-0.99827265  0.05834063  0.00693408]
 [ 0.01530698  0.1443227   0.98941228]]
Translation Vector:
[[-1.81095176]
 [ 8.91012509]
 [45.23003134]]

Pose 20:
Rotation Matrix:
[[ 0.07839778  0.83978926 -0.5372223 ]
 [-0.99645904  0.08243389 -0.01655381]
 [ 0.03038361  0.5366178   0.84327823]]
Translation Vector:
[[-1.79022569]
 [ 8.09114706]
 [41.24858668]]

Pose 21:
Rotation Matrix:
[[ 0.09286876  0.82866702 -0.55198403]
 [-0.99475977  0.10102803 -0.01569521]
 [ 0.04275976  0.5505491   0.83370696]]
Translation Vector:
[[-0.89361054]
 [ 6.90947585]
 [40.87019767]]

Pose 22:
Rotation Matrix:
[[-0.01368626 -0.65488234  0.75560691]
 [ 0.99927602 -0.03578585 -0.01291567]
 [ 0.03549828  0.7548831   0.654898  ]]
Translation Vector:
[[ 3.47681521]
 [-3.05147619]
 [39.30896914]]

Pose 23:
Rotation Matrix:
[[-3.87965281e-02 -9.32702837e-01  3.58552991e-01]
 [ 9.99141307e-01 -4.14310919e-02  3.35562367e-04]
 [ 1.45422619e-02  3.58258123e-01  9.33509314e-01]]
Translation Vector:
[[ 4.96082431]
 [-3.08587967]
 [41.07429521]]

Pose 24:
Rotation Matrix:
[[ 0.21428943  0.91333934  0.34625321]
 [-0.97571389  0.18367525  0.11935585]
 [ 0.04541425 -0.36342076  0.93051754]]
Translation Vector:
[[-6.94234361]
 [ 2.55076968]
 [32.51189374]]

Pose 25:
Rotation Matrix:
[[ 0.03672031  0.90433139 -0.42524859]
 [-0.99020506  0.09028711  0.10649965]
 [ 0.13470544  0.41717261  0.89878889]]
Translation Vector:
[[-5.6021969 ]
 [ 3.95279851]
 [23.94376973]]

Pose 26:
Rotation Matrix:
[[-0.25397202 -0.68738906  0.68043699]
 [ 0.9667794  -0.15938723  0.19983317]
 [-0.02891017  0.7085845   0.70503348]]
Translation Vector:
[[ 2.97703524]
 [-1.49149672]
 [26.1406083 ]]

Pose 27:
Rotation Matrix:
[[ 0.11386031  0.68310419 -0.72139067]
 [-0.99260471  0.04745377 -0.11173198]
 [-0.04209188  0.72877761  0.68345554]]
Translation Vector:
[[-5.27858419]
 [ 3.28824487]
 [23.78736379]]

Pose 28:
Rotation Matrix:
[[ 0.06222038  0.65471077 -0.7533143 ]
 [-0.99413694 -0.02622175 -0.10490076]
 [-0.08843287  0.75542454  0.64924063]]
Translation Vector:
[[-4.84448905]
 [ 3.70779601]
 [25.18618002]]
